105 50 191.448 637.495 191.459 637.529 15.2971 8.74403 9.17824 2.9426 1.89566 1.74943 0.6 1.74943 0.747863 12946 824.524 0.0832765 11.5654 13931 984.996 0.674337 0.0436041 
243 70 201.564 307.605 201.573 307.565 19.6469 15.7559 15.7175 1.82653 1.60546 1.24695 0.8 1.24695 0.786917 10186 1067.95 0.0648391 17.5942 12123.4 1937.38 0.348612 4.16832 
230 70 211.578 195.413 211.691 195.467 18.3576 15.9604 16.0629 0.512389 1.69621 1.1502 0.875 1.1502 0.779992 10866 1403.54 0.069393 17.1171 12770.3 1904.25 0.24227 3.82085 
306 83 214.918 845.765 215.019 845.761 23.0217 16.9322 16.9634 0.60005 1.79244 1.35964 0.736842 1.35964 0.783558 11504 1535.97 0.055334 19.7436 13872.9 2368.88 0.258611 -1.42641 
145 52 211.034 340.69 211.116 340.744 15.2643 12.101 11.7418 2.58835 1.48474 1.26141 0.769231 1.26141 0.809013 10654 2384.99 0.083455 13.5909 12392.9 1738.86 0.194211 2.72142 
437 94 221.783 923.657 221.917 923.793 27.313 20.3818 21.8504 2.72549 1.60985 1.34007 0.8 1.34007 0.732239 12522 1627.11 0.0466403 23.5942 14625.8 2103.81 0.245089 -1.74734 
130 70 224.769 50.3 224.891 50.2741 16.1555 10.2507 10.7703 1.94971 3.00098 1.57604 0.666667 1.57604 0.747126 13286 3108.35 0.0788515 12.8688 14642.7 1356.69 0.553395 3.47619 
91 42 241.901 329.308 241.97 329.305 12.6491 9.16456 9.48683 1.89095 1.54336 1.38022 0.75 1.38022 0.758333 13202 3806.39 0.100709 10.7668 14427.5 1225.53 0.419963 1.24495 
109 66 249.266 503.138 249.307 503.237 20.3961 6.80785 7.13863 2.9426 3.18179 2.99596 0.35 2.99596 0.748626 14220 3563.11 0.0624574 11.7836 15278.6 1058.58 0.67671 0.125201 
143 57 250.385 629.895 250.444 629.919 15.8114 11.5212 12.6491 2.81825 1.80894 1.37238 0.8 1.37238 0.715 13244 3208.79 0.0805676 13.4969 14781.7 1537.72 0.428871 -4.61148 
154 57 254.916 451.519 255.015 451.483 15.8114 12.4074 12.6491 1.24905 1.67973 1.27435 0.8 1.27435 0.77 15492 3207.12 0.0805676 14.0064 16616.3 1124.34 0.459217 0.411174 
495 100 260.901 573.804 261.178 573.858 29.0689 21.6924 22.9491 2.28156 1.60844 1.34005 0.789474 1.34005 0.742012 13370 2046.07 0.043823 25.1112 15494 2123.97 0.333543 3.66226 
58 38 282.207 508.103 282.236 508.107 12.083 6.1148 6.59075 0.426627 1.98221 1.97603 0.545455 1.97603 0.728311 17446 6045.16 0.105428 8.59566 18389.9 943.916 0.647968 -5.27272 
572 127 427.446 158.105 427.326 158.149 43.6807 16.6816 17.6803 0.2783 2.24503 2.6185 0.404762 2.6185 0.740659 16258 2218 0.0291636 26.9937 18585.7 2327.69 0.603383 0.105098 
516 162 430.841 24.4612 430.647 25.2953 51.4782 12.769 18.1688 0.136403 4.0494 4.03149 0.352941 4.03149 0.551698 13328 2696.45 0.0247461 25.6383 15539.8 2211.76 0.560339 0.357634 
109 53 429.927 376.468 429.82 376.466 15.0333 9.2364 11 1.50423 2.0518 1.62761 0.731709 1.62761 0.659143 17190 5940.19 0.0847376 11.7836 17890.1 700.116 0.279817 3.71155 
103 49 437.806 709 437.774 708.971 15.2643 8.59587 9.39344 2.58835 1.85595 1.77578 0.615385 1.77578 0.718348 19736 6175.97 0.083455 11.4547 20350 614.039 0.48754 0.673445 
231 73 447.511 319.844 447.153 319.844 20.6155 14.2741 17.4439 2.25152 1.83672 1.44426 0.846154 1.44426 0.642353 11926 4319.17 0.0617925 17.1542 14502.1 2576.1 0.407886 -0.358927 
73 37 444.616 594.055 444.599 594.038 12.1655 7.64403 8.11035 0.165149 1.49311 1.59151 0.666667 1.59151 0.739865 16978 7726.65 0.104713 9.64332 17681 703.009 0.545668 -1.48856 
856 139 470.117 834.831 469.904 834.67 40.1995 27.1259 29.1446 3.04033 1.79707 1.48196 0.725 1.48196 0.730625 12310 2708.03 0.0316891 33.0219 17247.7 4937.74 0.311511 -0.673543 
193 82 464.565 543.373 464.421 543.262 28.6356 8.5858 9.20431 2.92891 2.77384 3.33523 0.321429 3.33523 0.732249 12564 5805.61 0.044486 15.6799 14301 1737.03 0.699178 -0.641757 
78 39 464 804.295 463.941 804.246 10.8167 9.18612 9.01388 2.15721 1.55255 1.1775 0.833333 1.1775 0.8 17530 9174.63 0.117771 9.9681 19019.2 1489.2 0.418697 -0.221919 
93 43 472.978 875.57 472.933 875.588 14.3178 8.2744 7.15891 2.92891 1.58294 1.73038 0.5 1.73038 0.907317 13498 8456.48 0.088972 10.8845 15662 2163.96 0.643374 4.69341 
143 56 474.42 911.301 474.389 911.383 19.105 9.53498 9.04972 3.03512 1.74602 2.00367 0.473684 2.00367 0.827093 14518 6880.16 0.0666782 13.4969 16669.8 2151.78 0.593996 -2.14736 
182 61 492.989 1009.97 492.904 1010.05 24.3311 9.52886 7.09656 2.97485 1.62779 2.55341 0.291667 2.55341 1.05405 11842 6154.09 0.0523564 15.2265 15422.1 3580.11 0.709981 -0.181516 
